   3.7329001e+02
   3.7497000e+02
   3.7666000e+02
   3.7834000e+02
   3.8001999e+02
   3.8170999e+02
   3.8339002e+02
   3.8507999e+02
   3.8676001e+02
   3.8845001e+02
   3.9014002e+02
   3.9182001e+02
   3.9351001e+02
   3.9520001e+02
   3.9689002e+02
   3.9857001e+02
   4.0026001e+02
   4.0195001e+02
   4.0364002e+02
   4.0532999e+02
   4.0701999e+02
   4.0870999e+02
   4.1039999e+02
   4.1209000e+02
   4.1378000e+02
   4.1548001e+02
   4.1717001e+02
   4.1885998e+02
   4.2054999e+02
   4.2225000e+02
   4.2394000e+02
   4.2563000e+02
   4.2732999e+02
   4.2901999e+02
   4.3072000e+02
   4.3241000e+02
   4.3410998e+02
   4.3579999e+02
   4.3750000e+02
   4.3920001e+02
   4.4089002e+02
   4.4259000e+02
   4.4429001e+02
   4.4598999e+02
   4.4769000e+02
   4.4938000e+02
   4.5107999e+02
   4.5278000e+02
   4.5448001e+02
   4.5617999e+02
   4.5788000e+02
   4.5957999e+02
   4.6128000e+02
   4.6298001e+02
   4.6467999e+02
   4.6639002e+02
   4.6809000e+02
   4.6979001e+02
   4.7148999e+02
   4.7319000e+02
   4.7489999e+02
   4.7660001e+02
   4.7829999e+02
   4.8001001e+02
   4.8170999e+02
   4.8342001e+02
   4.8512000e+02
   4.8682999e+02
   4.8853000e+02
   4.9023999e+02
   4.9194000e+02
   4.9364999e+02
   4.9535998e+02
   4.9706000e+02
   4.9876999e+02
   5.0048001e+02
   5.0217999e+02
   5.0389002e+02
   5.0560001e+02
   5.0731000e+02
   5.0901999e+02
   5.1072000e+02
   5.1242999e+02
   5.1414001e+02
   5.1584998e+02
   5.1756000e+02
   5.1927002e+02
   5.2097998e+02
   5.2269000e+02
   5.2440002e+02
   5.2610999e+02
   5.2782001e+02
   5.2953998e+02
   5.3125000e+02
   5.3296002e+02
   5.3466998e+02
   5.3638000e+02
   5.3809998e+02
   5.3981000e+02
   5.4152002e+02
   5.4322998e+02
   5.4495001e+02
   5.4665997e+02
   5.4837000e+02
   5.5009003e+02
   5.5179999e+02
   5.5352002e+02
   5.5522998e+02
   5.5695001e+02
   5.5865997e+02
   5.6038000e+02
   5.6209003e+02
   5.6381000e+02
   5.6552002e+02
   5.6723999e+02
   5.6895001e+02
   5.7066998e+02
   5.7239001e+02
   5.7409998e+02
   5.7582001e+02
   5.7753998e+02
   5.7925000e+02
   5.8096997e+02
   5.8269000e+02
   5.8440997e+02
   5.8612000e+02
   5.8784003e+02
   5.8956000e+02
   5.9128003e+02
   5.9300000e+02
   5.9471997e+02
   5.9644000e+02
   5.9815002e+02
   5.9987000e+02
   6.0159003e+02
   6.0331000e+02
   6.0503003e+02
   6.0675000e+02
   6.0846997e+02
   6.1019000e+02
   6.1190997e+02
   6.1363000e+02
   6.1534998e+02
   6.1707001e+02
   6.1878998e+02
   6.2051001e+02
   6.2223999e+02
   6.2396002e+02
   6.2567999e+02
   6.2740002e+02
   6.2912000e+02
   6.3084003e+02
   6.3256000e+02
   6.3428998e+02
   6.3601001e+02
   6.3772998e+02
   6.3945001e+02
   6.4116998e+02
   6.4290002e+02
   6.4462000e+02
   6.4634003e+02
   6.4807001e+02
   6.4978998e+02
   6.5151001e+02
   6.5322998e+02
   6.5496002e+02
   6.5667999e+02
   6.5840002e+02
   6.6013000e+02
   6.6184998e+02
   6.6357001e+02
   6.6529999e+02
   6.6702002e+02
   6.6875000e+02
   6.7046997e+02
   6.7219000e+02
   6.7391998e+02
   6.7564001e+02
   6.7737000e+02
   6.7909003e+02
   6.8081000e+02
   6.8253998e+02
   6.8426001e+02
   6.8598999e+02
   6.8771002e+02
   6.8944000e+02
   6.9115997e+02
   6.9289001e+02
   6.9460999e+02
   6.9634003e+02
   6.9806000e+02
   6.9978998e+02
   7.0151001e+02
   7.0323999e+02
   7.0496002e+02
   7.0669000e+02
   7.0840997e+02
   7.1014001e+02
   7.1185999e+02
   7.1359003e+02
   7.1531000e+02
   7.1703998e+02
   7.1876001e+02
   7.2048999e+02
   7.2221997e+02
   7.2394000e+02
   7.2566998e+02
   7.2739001e+02
   7.2912000e+02
   7.3084003e+02
   7.3257001e+02
   7.3428998e+02
   7.3602002e+02
   7.3775000e+02
   7.3946997e+02
   7.4120001e+02
   7.4291998e+02
   7.4465002e+02
   7.4637000e+02
   7.4809998e+02
   7.4983002e+02
   7.5154999e+02
   7.5328003e+02
   7.5500000e+02
   7.5672998e+02
   7.5845001e+02
   7.6017999e+02
   7.6190997e+02
   7.6363000e+02
   7.6535999e+02
   7.6708002e+02
   7.6881000e+02
   7.7053003e+02
   7.7226001e+02
   7.7397998e+02
   7.7571002e+02
   7.7742999e+02
   7.7915997e+02
   7.8088000e+02
   7.8260999e+02
   7.8434003e+02
   7.8606000e+02
   7.8778998e+02
   7.8951001e+02
   7.9123999e+02
   7.9296002e+02
   7.9469000e+02
   7.9640997e+02
   7.9814001e+02
   7.9985999e+02
   8.0158002e+02
   8.0331000e+02
   8.0503003e+02
   8.0676001e+02
   8.0847998e+02
   8.1021002e+02
   8.1192999e+02
   8.1365997e+02
   8.1538000e+02
   8.1709998e+02
   8.1883002e+02
   8.2054999e+02
   8.2228003e+02
   8.2400000e+02
   8.2571997e+02
   8.2745001e+02
   8.2916998e+02
   8.3089001e+02
   8.3262000e+02
   8.3434003e+02
   8.3606000e+02
   8.3778998e+02
   8.3951001e+02
   8.4122998e+02
   8.4295001e+02
   8.4467999e+02
   8.4640002e+02
   8.4812000e+02
   8.4984003e+02
   8.5157001e+02
   8.5328998e+02
   8.5501001e+02
   8.5672998e+02
   8.5845001e+02
   8.6017999e+02
   8.6190002e+02
   8.6362000e+02
   8.6534003e+02
   8.6706000e+02
   8.6878003e+02
   8.7050000e+02
   8.7221997e+02
   8.7394000e+02
   8.7566998e+02
   8.7739001e+02
   8.7910999e+02
   8.8083002e+02
   8.8254999e+02
   8.8427002e+02
   8.8597998e+02
   8.8770001e+02
   8.8941998e+02
   8.9114001e+02
   8.9285999e+02
   8.9458002e+02
   8.9629999e+02
   8.9802002e+02
   8.9973999e+02
   9.0145001e+02
   9.0316998e+02
   9.0489001e+02
   9.0660999e+02
   9.0833002e+02
   9.1003998e+02
   9.1176001e+02
   9.1347998e+02
   9.1519000e+02
   9.1690997e+02
   9.1863000e+02
   9.2034003e+02
   9.2206000e+02
   9.2377002e+02
   9.2548999e+02
   9.2721002e+02
   9.2891998e+02
   9.3064001e+02
   9.3234998e+02
   9.3407001e+02
   9.3578003e+02
   9.3748999e+02
   9.3921002e+02
   9.4091998e+02
   9.4264001e+02
   9.4434998e+02
   9.4606000e+02
   9.4778003e+02
   9.4948999e+02
   9.5120001e+02
   9.5290997e+02
   9.5463000e+02
   9.5634003e+02
   9.5804999e+02
   9.5976001e+02
   9.6146997e+02
   9.6317999e+02
   9.6489001e+02
   9.6659998e+02
   9.6832001e+02
   9.7003003e+02
   9.7173999e+02
   9.7344000e+02
   9.7515002e+02
   9.7758002e+02
   9.8326001e+02
   9.8892999e+02
   9.9459998e+02
   1.0002700e+03
   1.0059400e+03
   1.0116100e+03
   1.0172800e+03
   1.0229500e+03
   1.0286200e+03
   1.0342900e+03
   1.0399600e+03
   1.0456300e+03
   1.0512900e+03
   1.0569600e+03
   1.0626300e+03
   1.0682900e+03
   1.0739600e+03
   1.0796200e+03
   1.0852900e+03
   1.0909500e+03
   1.0966100e+03
   1.1022800e+03
   1.1079399e+03
   1.1136000e+03
   1.1192600e+03
   1.1249200e+03
   1.1305800e+03
   1.1362400e+03
   1.1419000e+03
   1.1475601e+03
   1.1532200e+03
   1.1588800e+03
   1.1645300e+03
   1.1701899e+03
   1.1758500e+03
   1.1815000e+03
   1.1871600e+03
   1.1928101e+03
   1.1984700e+03
   1.2041200e+03
   1.2097700e+03
   1.2154200e+03
   1.2210800e+03
   1.2267300e+03
   1.2323800e+03
   1.2380300e+03
   1.2436801e+03
   1.2493300e+03
   1.2549800e+03
   1.2606200e+03
   1.2662700e+03
   1.2719200e+03
   1.2775601e+03
   1.2832100e+03
   1.2888600e+03
   1.2945000e+03
   1.3001400e+03
   1.3057900e+03
   1.3114301e+03
   1.3170699e+03
   1.3227100e+03
   1.3283600e+03
   1.3340000e+03
   1.3396400e+03
   1.3452800e+03
   1.3509200e+03
   1.3565500e+03
   1.3621899e+03
   1.3678300e+03
   1.3734700e+03
   1.3791000e+03
   1.3847400e+03
   1.3903700e+03
   1.3960100e+03
   1.4016400e+03
   1.4072700e+03
   1.4129000e+03
   1.4185400e+03
   1.4241700e+03
   1.4298000e+03
   1.4354301e+03
   1.4410601e+03
   1.4466899e+03
   1.4523101e+03
   1.4579399e+03
   1.4635699e+03
   1.4692000e+03
   1.4748199e+03
   1.4804500e+03
   1.4860699e+03
   1.4916899e+03
   1.4973199e+03
   1.5029399e+03
   1.5085601e+03
   1.5141801e+03
   1.5198000e+03
   1.5254200e+03
   1.5310400e+03
   1.5366600e+03
   1.5422800e+03
   1.5479000e+03
   1.5535100e+03
   1.5591300e+03
   1.5647500e+03
   1.5703600e+03
   1.5759700e+03
   1.5815900e+03
   1.5872000e+03
   1.5928101e+03
   1.5984200e+03
   1.6040300e+03
   1.6096400e+03
   1.6152500e+03
   1.6208600e+03
   1.6264700e+03
   1.6320800e+03
   1.6376899e+03
   1.6432900e+03
   1.6489000e+03
   1.6545000e+03
   1.6601100e+03
   1.6657100e+03
   1.6713101e+03
   1.6769100e+03
   1.6825100e+03
   1.6881200e+03
   1.6937200e+03
   1.6993101e+03
   1.7049100e+03
   1.7105100e+03
   1.7161100e+03
   1.7217000e+03
   1.7273000e+03
   1.7328900e+03
   1.7384900e+03
   1.7440800e+03
   1.7496801e+03
   1.7552700e+03
   1.7608600e+03
   1.7664500e+03
   1.7720400e+03
   1.7776300e+03
   1.7832200e+03
   1.7888000e+03
   1.7943900e+03
   1.7999800e+03
   1.8055601e+03
   1.8111500e+03
   1.8167300e+03
   1.8223199e+03
   1.8279000e+03
   1.8334800e+03
   1.8390601e+03
   1.8446400e+03
   1.8502200e+03
   1.8558000e+03
   1.8613800e+03
   1.8669500e+03
   1.8725300e+03
   1.8781100e+03
   1.8836801e+03
   1.8892600e+03
   1.8948300e+03
   1.9004000e+03
   1.9059700e+03
   1.9115500e+03
   1.9171200e+03
   1.9226899e+03
   1.9282500e+03
   1.9338199e+03
   1.9393900e+03
   1.9449600e+03
   1.9505200e+03
   1.9560900e+03
   1.9616500e+03
   1.9672100e+03
   1.9727800e+03
   1.9783400e+03
   1.9839000e+03
   1.9894600e+03
   1.9950200e+03
   2.0005800e+03
   2.0061400e+03
   2.0116899e+03
   2.0172500e+03
   2.0228000e+03
   2.0283600e+03
   2.0339100e+03
   2.0394700e+03
   2.0450200e+03
   2.0505701e+03
   2.0561201e+03
   2.0616699e+03
   2.0672200e+03
   2.0727700e+03
   2.0783101e+03
   2.0838601e+03
   2.0894099e+03
   2.0949500e+03
   2.1004900e+03
   2.1060400e+03
   2.1115801e+03
   2.1171201e+03
   2.1226599e+03
   2.1282000e+03
   2.1337400e+03
   2.1392800e+03
   2.1448101e+03
   2.1503501e+03
   2.1558899e+03
   2.1614199e+03
   2.1669500e+03
   2.1724900e+03
   2.1780200e+03
   2.1835500e+03
   2.1890801e+03
   2.1946101e+03
   2.2001399e+03
   2.2056699e+03
   2.2111899e+03
   2.2167200e+03
   2.2222400e+03
   2.2277700e+03
   2.2332900e+03
   2.2388101e+03
   2.2443301e+03
   2.2498501e+03
   2.2553701e+03
   2.2608899e+03
   2.2664099e+03
   2.2719299e+03
   2.2774399e+03
   2.2829600e+03
   2.2884700e+03
   2.2939900e+03
   2.2995000e+03
   2.3050100e+03
   2.3105200e+03
   2.3160300e+03
   2.3215400e+03
   2.3270500e+03
   2.3325601e+03
   2.3380601e+03
   2.3435701e+03
   2.3490701e+03
   2.3545701e+03
   2.3600801e+03
   2.3655801e+03
   2.3710801e+03
   2.3765801e+03
   2.3820801e+03
   2.3875701e+03
   2.3930701e+03
   2.3985701e+03
   2.4040601e+03
   2.4095601e+03
   2.4150500e+03
   2.4205400e+03
   2.4260300e+03
   2.4315200e+03
   2.4370100e+03
   2.4425000e+03
   2.4479900e+03
   2.4534700e+03
   2.4589600e+03
   2.4644399e+03
   2.4699299e+03
   2.4754099e+03
   2.4808899e+03
   2.4863701e+03
   2.4918501e+03
   2.4973301e+03
   2.5028101e+03
